-1.000000,	 0.984183
-0.990000,	 0.982362
-0.980000,	 0.980443
-0.970000,	 0.978426
-0.960000,	 0.976311
-0.950000,	 0.974098
-0.940000,	 0.971789
-0.930000,	 0.969381
-0.920000,	 0.966877
-0.910000,	 0.964277
-0.900000,	 0.961580
-0.890000,	 0.958786
-0.880000,	 0.955897
-0.870000,	 0.952912
-0.860000,	 0.949832
-0.850000,	 0.946657
-0.840000,	 0.943388
-0.830000,	 0.940023
-0.820000,	 0.936565
-0.810000,	 0.933014
-0.800000,	 0.929369
-0.790000,	 0.925631
-0.780000,	 0.921800
-0.770000,	 0.917878
-0.760000,	 0.913863
-0.750000,	 0.909757
-0.740000,	 0.905560
-0.730000,	 0.901273
-0.720000,	 0.896896
-0.710000,	 0.892428
-0.700000,	 0.887872
-0.690000,	 0.883227
-0.680000,	 0.878493
-0.670000,	 0.873672
-0.660000,	 0.868763
-0.650000,	 0.863767
-0.640000,	 0.858685
-0.630000,	 0.853518
-0.620000,	 0.848264
-0.610000,	 0.842926
-0.600000,	 0.837504
-0.590000,	 0.831998
-0.580000,	 0.826408
-0.570000,	 0.820737
-0.560000,	 0.814983
-0.550000,	 0.809147
-0.540000,	 0.803231
-0.530000,	 0.797234
-0.520000,	 0.791157
-0.510000,	 0.785002
-0.500000,	 0.778768
-0.490000,	 0.772456
-0.480000,	 0.766067
-0.470000,	 0.759601
-0.460000,	 0.753059
-0.450000,	 0.746442
-0.440000,	 0.739750
-0.430000,	 0.732985
-0.420000,	 0.726146
-0.410000,	 0.719234
-0.400000,	 0.712250
-0.390000,	 0.705196
-0.380000,	 0.698070
-0.370000,	 0.690875
-0.360000,	 0.683611
-0.350000,	 0.676279
-0.340000,	 0.668878
-0.330000,	 0.661411
-0.320000,	 0.653878
-0.310000,	 0.646280
-0.300000,	 0.638617
-0.290000,	 0.630889
-0.280000,	 0.623099
-0.270000,	 0.615247
-0.260000,	 0.607333
-0.250000,	 0.599358
-0.240000,	 0.591324
-0.230000,	 0.583230
-0.220000,	 0.575078
-0.210000,	 0.566868
-0.200000,	 0.558602
-0.190000,	 0.550280
-0.180000,	 0.541902
-0.170000,	 0.533471
-0.160000,	 0.524986
-0.150000,	 0.516449
-0.140000,	 0.507860
-0.130000,	 0.499221
-0.120000,	 0.490531
-0.110000,	 0.481792
-0.100000,	 0.473006
-0.090000,	 0.464172
-0.080000,	 0.455291
-0.070000,	 0.446365
-0.060000,	 0.437394
-0.050000,	 0.428380
-0.040000,	 0.419323
-0.030000,	 0.410223
-0.020000,	 0.401083
-0.010000,	 0.391903
0.000000,	 0.382683
0.010000,	 0.373426
0.020000,	 0.364131
0.030000,	 0.354799
0.040000,	 0.345432
0.050000,	 0.336030
0.060000,	 0.326595
0.070000,	 0.317127
0.080000,	 0.307628
0.090000,	 0.298098
0.100000,	 0.288538
0.110000,	 0.278949
0.120000,	 0.269332
0.130000,	 0.259688
0.140000,	 0.250018
0.150000,	 0.240323
0.160000,	 0.230605
0.170000,	 0.220863
0.180000,	 0.211099
0.190000,	 0.201314
0.200000,	 0.191509
0.210000,	 0.181684
0.220000,	 0.171842
0.230000,	 0.161982
0.240000,	 0.152106
0.250000,	 0.142215
0.260000,	 0.132310
0.270000,	 0.122391
0.280000,	 0.112461
0.290000,	 0.102519
0.300000,	 0.092566
0.310000,	 0.082605
0.320000,	 0.072635
0.330000,	 0.062658
0.340000,	 0.052675
0.350000,	 0.042686
0.360000,	 0.032693
0.370000,	 0.022697
0.380000,	 0.012699
0.390000,	 0.002699
0.400000,	 -0.007301
0.410000,	 -0.017300
0.420000,	 -0.027298
0.430000,	 -0.037292
0.440000,	 -0.047283
0.450000,	 -0.057270
0.460000,	 -0.067250
0.470000,	 -0.077224
0.480000,	 -0.087190
0.490000,	 -0.097147
0.500000,	 -0.107095
0.510000,	 -0.117032
0.520000,	 -0.126957
0.530000,	 -0.136870
0.540000,	 -0.146769
0.550000,	 -0.156653
0.560000,	 -0.166522
0.570000,	 -0.176373
0.580000,	 -0.186208
0.590000,	 -0.196023
0.600000,	 -0.205819
0.610000,	 -0.215595
0.620000,	 -0.225349
0.630000,	 -0.235080
0.640000,	 -0.244788
0.650000,	 -0.254471
0.660000,	 -0.264129
0.670000,	 -0.273761
0.680000,	 -0.283365
0.690000,	 -0.292941
0.700000,	 -0.302487
0.710000,	 -0.312003
0.720000,	 -0.321488
0.730000,	 -0.330941
0.740000,	 -0.340361
0.750000,	 -0.349747
0.760000,	 -0.359098
0.770000,	 -0.368413
0.780000,	 -0.377691
0.790000,	 -0.386931
0.800000,	 -0.396132
0.810000,	 -0.405294
0.820000,	 -0.414416
0.830000,	 -0.423496
0.840000,	 -0.432534
0.850000,	 -0.441528
0.860000,	 -0.450478
0.870000,	 -0.459383
0.880000,	 -0.468243
0.890000,	 -0.477055
0.900000,	 -0.485820
0.910000,	 -0.494536
0.920000,	 -0.503203
0.930000,	 -0.511819
0.940000,	 -0.520384
0.950000,	 -0.528897
0.960000,	 -0.537358
0.970000,	 -0.545764
0.980000,	 -0.554116
0.990000,	 -0.562413
1.000000,	 -0.570653
